0,
0,
0,
0,
0,
0,
0,
0,
0,
0,
0,
0,
0,
0,
0,
0,
0,
0,
0,
0,
0,
0,
0,
0,
0,
0,
0,
0,
0,
0,
0,
0,
0,
0,
0,
0,
0,
0,
0,
0,
0,
0,
0,
0,
0,
0,
0,
0,
0,
0,
0,
0,
0,
0,
0,
0,
0,
0,
0,
0,
0,
0,
0,
0,
11,
11,
3,
0,
6,
2,
2,
0,
1,
1,
2,
7,
0,
3,
10,
5,
15,
13,
3,
2,
10,
5,
0,
4,
5,
2,
0,
10,
0,
5,
6,
6,
11,
14,
4,
2,
12,
4,
0,
5,
9,
6,
9,
12,
6,
5,
15,
9,
15,
15,
4,
1,
15,
0,
0,
7,
14,
5,
7,
15,
6,
8,
15,
15,
0,
0,
0,
0,
0,
0,
0,
0,
0,
0,
0,
0,
0,
0,
0,
0,
0,
0,
0,
0,
0,
0,
0,
0,
0,
0,
0,
0,
0,
0,
0,
0,
0,
0,
0,
0,
0,
0,
0,
0,
0,
0,
0,
0,
0,
0,
0,
0,
0,
0,
0,
0,
0,
0,
0,
0,
0,
0,
0,
0,
0,
0,
0,
0,
11,
11,
3,
0,
6,
2,
2,
0,
1,
1,
2,
7,
0,
3,
10,
5,
15,
13,
3,
2,
10,
5,
0,
4,
5,
2,
0,
10,
0,
5,
6,
6,
11,
14,
4,
2,
12,
4,
0,
5,
9,
6,
9,
12,
6,
5,
15,
9,
15,
15,
4,
1,
15,
0,
0,
7,
14,
5,
7,
15,
6,
8,
15,
15,
0,
0,
0,
0,
0,
0,
0,
0,
0,
0,
0,
0,
0,
0,
0,
0,
0,
0,
0,
0,
0,
0,
0,
0,
0,
0,
0,
0,
0,
0,
0,
0,
0,
0,
0,
0,
0,
0,
0,
0,
0,
0,
0,
0,
0,
0,
0,
0,
0,
0,
0,
0,
0,
0,
0,
0,
0,
0,
0,
0,
0,
0,
0,
0,
11,
11,
3,
0,
6,
2,
2,
0,
1,
1,
2,
7,
0,
3,
10,
5,
15,
13,
3,
2,
10,
5,
0,
4,
5,
2,
0,
10,
0,
5,
6,
6,
11,
14,
4,
2,
12,
4,
0,
5,
9,
6,
9,
12,
6,
5,
15,
9,
15,
15,
4,
1,
15,
0,
0,
7,
14,
5,
7,
15,
6,
8,
15,
15