54,
59,
59,
55,
59,
62,
62,
60,
59,
63,
63,
61,
58,
63,
62,
58,
54,
62,
63,
58,
62,
1,
2,
63,
0,
1,
1,
63,
61,
1,
1,
62,
63,
1,
1,
63,
59,
2,
2,
60,
60,
2,
2,
60,
1,
5,
5,
1,
63,
2,
2,
63,
59,
2,
2,
59,
61,
3,
3,
61,
3,
7,
7,
4,
29,
30,
31,
28,
27,
31,
31,
29,
36,
37,
38,
38,
37,
36,
36,
37,
32,
34,
35,
32,
32,
34,
35,
33,
36,
41,
45,
42,
40,
38,
40,
42,
41,
42,
41,
40,
41,
43,
43,
40,
38,
40,
41,
37,
43,
46,
46,
43,
49,
43,
48,
45,
45,
46,
48,
46,
41,
45,
45,
41,
47,
52,
52,
49,
54,
59,
59,
55,
59,
62,
62,
60,
59,
63,
63,
61,
58,
63,
62,
58,
54,
62,
63,
58,
62,
1,
2,
63,
0,
1,
1,
63,
61,
1,
1,
62,
63,
1,
1,
63,
59,
2,
2,
60,
60,
2,
2,
60,
1,
5,
5,
1,
63,
2,
2,
63,
59,
2,
2,
59,
61,
3,
3,
61,
3,
7,
7,
4,
29,
30,
31,
28,
27,
31,
31,
29,
36,
37,
38,
38,
37,
36,
36,
37,
32,
34,
35,
32,
32,
34,
35,
33,
36,
41,
45,
42,
40,
38,
40,
42,
41,
42,
41,
40,
41,
43,
43,
40,
38,
40,
41,
37,
43,
46,
46,
43,
49,
43,
48,
45,
45,
46,
48,
46,
41,
45,
45,
41,
47,
52,
52,
49,
54,
59,
59,
55,
59,
62,
62,
60,
59,
63,
63,
61,
58,
63,
62,
58,
54,
62,
63,
58,
62,
1,
2,
63,
0,
1,
1,
63,
61,
1,
1,
62,
63,
1,
1,
63,
59,
2,
2,
60,
60,
2,
2,
60,
1,
5,
5,
1,
63,
2,
2,
63,
59,
2,
2,
59,
61,
3,
3,
61,
3,
7,
7,
4,
29,
30,
31,
28,
27,
31,
31,
29,
36,
37,
38,
38,
37,
36,
36,
37,
32,
34,
35,
32,
32,
34,
35,
33,
36,
41,
45,
42,
40,
38,
40,
42,
41,
42,
41,
40,
41,
43,
43,
40,
38,
40,
41,
37,
43,
46,
46,
43,
49,
43,
48,
45,
45,
46,
48,
46,
41,
45,
45,
41,
47,
52,
52,
49